35.00 35.00 41.00 37.00
41.00 37.00 41.00 49.00
41.00 49.00 37.00 47.00
37.00 47.00 35.00 40.00
35.00 40.00 27.00 43.00
27.00 43.00 26.00 35.00
26.00 35.00 20.00 40.00
20.00 40.00 14.00 37.00
14.00 37.00 17.00 34.00
17.00 34.00 15.00 30.00
15.00 30.00 20.00 26.00
20.00 26.00 21.00 24.00
21.00 24.00 18.00 24.00
18.00 24.00 18.00 24.00
18.00 24.00 16.00 22.00
16.00 22.00 19.00 21.00
19.00 21.00 22.00 22.00
22.00 22.00 25.00 24.00
25.00 24.00 25.00 21.00
25.00 21.00 28.00 18.00
28.00 18.00 35.00 17.00
35.00 17.00 32.00 12.00
32.00 12.00 30.00 5.00
30.00 5.00 23.00 3.00
23.00 3.00 24.00 12.00
24.00 12.00 20.00 20.00
20.00 20.00 18.00 18.00
18.00 18.00 15.00 19.00
15.00 19.00 11.00 14.00
11.00 14.00 15.00 10.00
15.00 10.00 5.00 5.00
5.00 5.00 4.00 18.00
4.00 18.00 10.00 20.00
10.00 20.00 12.00 24.00
12.00 24.00 11.00 31.00
11.00 31.00 5.00 30.00
5.00 30.00 6.00 38.00
6.00 38.00 2.00 48.00
2.00 48.00 10.00 43.00
10.00 43.00 15.00 47.00
15.00 47.00 20.00 50.00
20.00 50.00 13.00 52.00
13.00 52.00 8.00 56.00
8.00 56.00 2.00 60.00
2.00 60.00 6.00 68.00
6.00 68.00 15.00 77.00
15.00 77.00 35.00 69.00
35.00 69.00 31.00 67.00
31.00 67.00 27.00 69.00
27.00 69.00 20.00 65.00
20.00 65.00 15.00 60.00
15.00 60.00 24.00 58.00
24.00 58.00 30.00 60.00
30.00 60.00 26.00 52.00
26.00 52.00 31.00 52.00
31.00 52.00 37.00 56.00
37.00 56.00 40.00 60.00
40.00 60.00 45.00 65.00
45.00 65.00 49.00 73.00
49.00 73.00 62.00 77.00
62.00 77.00 57.00 68.00
57.00 68.00 63.00 65.00
63.00 65.00 55.00 60.00
55.00 60.00 49.00 58.00
49.00 58.00 55.00 54.00
55.00 54.00 53.00 52.00
53.00 52.00 47.00 47.00
47.00 47.00 49.00 42.00
49.00 42.00 53.00 43.00
53.00 43.00 55.00 45.00
55.00 45.00 57.00 48.00
57.00 48.00 61.00 52.00
61.00 52.00 65.00 55.00
65.00 55.00 64.00 42.00
64.00 42.00 65.00 35.00
65.00 35.00 56.00 39.00
56.00 39.00 56.00 37.00
56.00 37.00 50.00 35.00
50.00 35.00 57.00 29.00
57.00 29.00 63.00 23.00
63.00 23.00 65.00 20.00
65.00 20.00 55.00 20.00
55.00 20.00 47.00 16.00
47.00 16.00 53.00 12.00
53.00 12.00 60.00 12.00
60.00 12.00 67.00 5.00
67.00 5.00 55.00 5.00
55.00 5.00 49.00 11.00
49.00 11.00 42.00 7.00
42.00 7.00 45.00 10.00
45.00 10.00 46.00 13.00
46.00 13.00 44.00 17.00
44.00 17.00 45.00 20.00
45.00 20.00 45.00 30.00
45.00 30.00 40.00 25.00
40.00 25.00 36.00 26.00
36.00 26.00 30.00 25.00
30.00 25.00 26.00 27.00
26.00 27.00 22.00 27.00
22.00 27.00 25.00 30.00
25.00 30.00 37.00 31.00
37.00 31.00 35.00 35.00
