37.00 52.00 38.00 46.00
38.00 46.00 42.00 41.00
42.00 41.00 45.00 35.00
37.00 52.00 42.00 57.00
45.00 35.00 40.00 30.00
45.00 35.00 52.00 33.00
52.00 33.00 56.00 37.00
56.00 37.00 52.00 41.00
56.00 37.00 61.00 33.00
52.00 33.00 48.00 28.00
61.00 33.00 58.00 27.00
48.00 28.00 51.00 21.00
56.00 37.00 62.00 42.00
62.00 42.00 58.00 48.00
37.00 52.00 30.00 48.00
30.00 48.00 30.00 40.00
30.00 40.00 32.00 39.00
32.00 39.00 31.00 32.00
31.00 32.00 25.00 32.00
25.00 32.00 20.00 26.00
20.00 26.00 27.00 23.00
27.00 23.00 32.00 22.00
32.00 22.00 36.00 16.00
36.00 16.00 30.00 15.00
36.00 16.00 39.00 10.00
39.00 10.00 46.00 10.00
20.00 26.00 17.00 33.00
52.00 41.00 49.00 49.00
30.00 48.00 25.00 55.00
25.00 55.00 21.00 47.00
25.00 55.00 16.00 57.00
16.00 57.00 17.00 63.00
25.00 55.00 31.00 62.00
31.00 62.00 27.00 68.00
31.00 62.00 37.00 69.00
37.00 69.00 43.00 67.00
16.00 57.00 8.00 52.00
43.00 67.00 52.00 64.00
52.00 64.00 57.00 58.00
57.00 58.00 62.00 63.00
62.00 63.00 63.00 69.00
51.00 21.00 59.00 15.00
30.00 15.00 21.00 10.00
21.00 10.00 13.00 13.00
13.00 13.00 10.00 17.00
10.00 17.00 5.00 25.00
17.00 33.00 12.00 42.00
12.00 42.00 7.00 38.00
13.00 13.00 5.00 6.00
17.00 63.00 5.00 64.00
49.00 49.00 58.00 48.00
20.00 26.00 13.00 13.00
40.00 30.00 45.00 35.00
21.00 47.00 30.00 48.00
31.00 62.00 27.00 68.00
52.00 33.00 58.00 27.00
5.00 25.00 7.00 38.00
36.00 16.00 46.00 10.00
13.00 13.00 5.00 6.00
42.00 57.00 63.00 69.00
16.00 57.00 8.00 52.00
8.00 52.00 5.00 64.00
7.00 38.00 59.00 15.00
